vector X1:
1.98929
1.99502
-0.0826479
-0.962593
1.88691
0.808415
0.797612
2.03335
2.0666
-1.17989
1.14319
0.840754
1.02638
-0.209035
-1.03095
-2.94607
-0.0407258
1.75208
-2.21484
0.0623316
0.106284
-0.23
1.85986
2.04727
-0.0517899
1.99468
0.032031
1.6995
-2.25201
1.98717
-0.319404
-1.29737
3.95421
2.00683
-0.393096
1.28467
-0.211759
0.914754
2.98303
0.709873
0.165226
1.27349
1.8084
0.026132
0.790617
-1.25163
-0.638674
0.0759459
-0.0271864
2.06121
-1.61483
1.93836
0.279048
0.291949
2.00786
0.861435
-0.384894
-0.201223
-2.08688
-1.95452
-2.00917
2.73389
2.35976
3.2743
3.85063
-1.05217
-0.324642
1.92231
0.106712
-1.04911
-0.468942
1.71342
-0.696506
2.73664
1.75175
1.39373
-2.38029
0.855536
-1.16126
-0.00888089
-1.43885
2.06976
-4.19443
-0.143527
-4.04785
-2.00999
1.68017
-3.99112
4.04514
-1.77769
1.4795
-1.17615
-0.98541
4.02503
-1.48102
2.92136
-0.21651
-4.03344
-3.97452
3.88528

vector X2:
1.00249
0.979282
1.93945
2.10771
1.06224
1.0113
0.0570403
1.12913
1.11458
1.06583
2.0222
0.17618
0.739823
0.168874
0.730183
1.96981
0.311179
0.952879
1.05071
1.73578
-0.299092
1.85373
3.01996
3.11061
-1.69477
3.12932
-2.76299
0.971589
-1.06943
2.8256
0.888209
1.09681
-0.0950145
1.28619
-0.0130188
1.12804
3.07461
-2.7727
1.80982
2.08373
2.2308
0.825195
1.80738
-2.7186
2.19556
-1.2049
0.878268
2.32011
-2.68951
0.652457
0.976805
2.27483
3.04969
2.95222
1.66317
-2.74362
2.04643
2.78515
2.75847
0.588025
1.37685
1.93102
0.0820935
1.01048
1.94169
-1.5593
2.15292
1.64842
1.43995
1.53781
0.874627
2.95308
-0.259874
0.823675
3.10292
1.91153
0.921922
-2.69923
2.72509
2.43913
1.99097
0.493254
0.944672
1.47548
3.0105
2.36
2.96762
3.06376
0.769211
1.29946
1.9645
2.71829
2.58483
2.1751
0.15545
1.67114
1.38323
2.19668
1.25842
2.18244
