vector X1:
1.24255e-10
1.20943e-08
2.10557e-08
-2.2347e-08
-3.08521e-09
2.3702e-08
-1.44124e-08
2.75353e-08
2.25715e-08
1.49989e-08
-3.46231e-08
-3.31989e-08
-3.97572e-08
4.29282e-10
2.40683e-08
9.20611e-09
4.06975e-08
-3.18108e-08
4.7044e-09
-3.71311e-08
-1.56083e-08
-1.95264e-08
1.31419e-09
3.29745e-08
-2.58267e-08
-4.70035e-08
-1.63479e-08
-4.83333e-09
-1.98975e-08
-3.49972e-08
7.0748e-09
-2.83533e-08
-6.30737e-08
-4.63607e-08
2.93368e-08
4.60709e-08
3.76138e-09
3.82954e-08
-2.36616e-08
-6.66836e-08
-5.24731e-08
-5.92453e-08
-3.02988e-08
5.33928e-08
4.01027e-08
-1.27923e-08
6.99554e-08
6.83224e-08
-7.18311e-08
4.08646e-08
-7.14758e-08
7.46097e-08
-7.47881e-08
7.45536e-08
5.995e-08
7.62194e-08
-5.0027e-08
1.09489e-08
-6.70806e-08
6.90829e-08
-6.63521e-08
-4.86334e-08
-7.80152e-08
7.39353e-08
7.5683e-08
6.84014e-08
7.40128e-08
5.25455e-09
6.34465e-08
8.36113e-08
-8.28761e-08
-7.04939e-08
5.68268e-08
-6.2118e-09
-8.4695e-08
-2.70379e-09
3.82995e-08
-1.61759e-09
-7.30924e-08
-4.73338e-08
9.23171e-08
-4.59286e-08
-7.68346e-08
8.2742e-08
9.48608e-08
4.51467e-10
-6.67745e-08
-5.11699e-09
-1.19286e-08
8.25563e-08
3.34577e-08
5.6228e-08
9.44002e-08
9.43565e-08
-7.36653e-08
3.26135e-08
7.2748e-08
7.82477e-08
6.07049e-08
1.00368e-07

vector X2:
-6.7615e-11
-1.01007e-08
-4.59939e-09
2.60808e-09
-2.25563e-08
-9.94049e-10
2.57056e-08
-2.03321e-08
-2.58297e-08
-3.28669e-08
-1.07224e-08
1.73003e-08
-1.06852e-08
4.15206e-08
3.39866e-08
-4.14879e-08
1.2136e-08
2.9216e-08
-4.66747e-08
2.91387e-08
-4.64704e-08
-4.67243e-08
-5.06616e-08
-4.16062e-08
4.9049e-08
-3.09899e-08
-5.49332e-08
5.79124e-08
5.55549e-08
-4.82098e-08
5.98873e-08
-5.49955e-08
-4.69391e-09
4.37246e-08
-5.7503e-08
-4.51421e-08
-6.54941e-08
5.35135e-08
-6.2042e-08
-3.11921e-09
-4.28162e-08
-3.44861e-08
6.19357e-08
-4.34123e-08
-5.63588e-08
6.80777e-08
1.395e-08
2.14595e-08
7.23076e-09
-6.1098e-08
1.91189e-08
7.74186e-09
-5.72156e-09
1.12137e-08
-4.68713e-08
2.19761e-09
-5.76118e-08
7.63356e-08
-3.81219e-08
3.53335e-08
-4.1087e-08
-6.21358e-08
-1.40664e-08
3.04663e-08
-2.85339e-08
4.49084e-08
4.03579e-08
8.46667e-08
5.73292e-08
2.10964e-08
-3.10448e-08
-5.36241e-08
6.94777e-08
-9.02707e-08
-3.37239e-08
-9.18712e-08
8.41527e-08
-9.30461e-08
-5.77702e-08
-8.02463e-08
-1.56041e-08
8.15e-08
5.42568e-08
4.56015e-08
-7.15577e-09
9.54454e-08
6.90934e-08
9.62346e-08
9.66732e-08
5.23899e-08
9.2588e-08
8.14614e-08
-3.05649e-08
-3.43825e-08
-6.88469e-08
9.55255e-08
-7.02827e-08
-6.40618e-08
-8.12422e-08
-1.47342e-08
