vector X1:
0.0010255
0.0303956
-0.0454959
-0.0138593
0.062716
-0.071041
-0.0139476
0.0111535
-0.0170013
-0.00893599
-0.0162698
0.0272057
0.0359231
0.959802
-0.040214
-0.00254769
-0.0481039
-0.0215597
0.0462801
-0.0588275
0.93808
-0.0605671
0.00579388
0.0631165
0.0665267
-0.0178228
0.0605823
0.988872
0.0300083
1.01381
-0.0351148
-0.00906291
-1.00613
-1.02388
0.0675444
-0.96425
0.0359314
0.0603411
0.0813002
-0.952335
0.936837
-0.992724
0.982106
0.97277
1.01223
-0.959824
-0.947188
-1.03974
0.0084814
0.0285835
-0.938964
0.0848968
0.961797
0.0656898
-0.997818
-0.0870968
-1.02862
-0.944041
-0.0129109
-0.98002
1.03333
0.10031
0.927049
-1.06607
-0.923547
-0.0827333
-1.00665
-1.05439
-0.963947
-0.966125
0.978223
0.0722545
-0.0773481
-1.04206
-0.0310513
-0.936544
0.941169
-0.0116372
-1.06898
-0.108778
-1.08265
0.937441
-0.96208
-0.943406
-0.138292
0.95214
1.03161
-0.960929
1.00461
0.0835152
-1.00591
0.934624
0.0194124
0.0713097
-1.07625
0.0998862
-0.103826
-0.938904
-0.109308
0.992237

vector X2:
-0.0150167
0.00347476
-0.00625407
-0.0445856
-0.0345242
0.0115827
0.993136
-1.00355
0.979104
1.0282
-0.96394
-0.972313
0.996355
0.0271456
0.972968
-1.04196
-0.0711408
0.950442
1.0276
1.00189
0.0219698
1.00638
0.0970684
-0.974444
0.994996
1.05971
0.964979
0.976367
-0.100004
1.01073
1.06287
1.07409
1.03084
0.0757056
0.950051
0.971434
-0.921827
-0.0905245
1.01399
0.982078
0.0614452
0.948242
1.03984
0.952714
-0.0853191
0.95656
-0.0749047
0.966834
0.905133
0.112672
0.997862
1.02811
1.04085
0.930192
1.05341
0.961999
-0.0871102
0.956292
0.121159
1.05803
0.941603
0.982442
0.973861
-0.992804
0.999408
0.936768
1.0681
1.04502
0.92316
0.921498
0.106389
1.07442
0.920015
0.928274
0.889375
1.05236
0.0952359
-0.133653
0.95261
0.96075
0.982178
1.06271
0.911602
0.102996
-0.00727141
0.108647
0.909467
1.08324
1.08965
0.909699
0.899718
-0.104273
0.874237
0.122321
0.941762
0.92592
0.931717
1.07512
-0.090825
1.094
