vector X1:
0.00115839
0.000307768
-0.00165198
0.00249194
-0.00595528
0.0062375
-0.00377235
-0.00187706
0.00860489
-0.00914504
-0.00677514
-0.0103931
0.0010255
0.014199
-0.010047
-0.0120639
-0.0154081
-0.0162587
-0.00455268
0.0167277
0.00565213
-0.0154397
-0.0169507
0.0181361
0.00669685
0.017597
0.0186159
0.0200916
-0.0183601
-0.0104277
-0.0202657
-0.0213378
-0.00331368
0.0210617
-0.021564
-0.0237052
-0.0170099
-0.0207798
0.0258241
-0.00667306
0.0255758
0.0269425
0.0164063
0.0283071
-0.0225241
-0.0185558
0.0288141
-0.0230782
0.0267668
-0.0161072
-0.0147823
-0.010817
-0.0287279
0.00711467
0.0303956
-0.0213805
-0.00644798
-0.0311339
0.00672532
-0.031828
-0.0315402
-0.0326973
-0.00154989
0.0281893
-0.0332365
-0.0337163
-0.0141027
0.000658268
-0.0153373
0.0159218
0.00895006
-0.0350918
0.010352
-0.0070599
-0.0365143
-0.0320978
-0.0039995
-0.0225959
-0.0273692
-6.31291e-05
-0.00534119
-0.0250483
-0.0132538
0.0204028
0.0107916
0.01368
-0.0380597
-0.031986
-0.0343069
0.0354039
0.0409213
-0.0409244
0.00137202
-0.0284648
-0.0420428
-0.0420295
-0.0367593
-0.0237668
0.00757759
-0.0434074

vector X2:
0.000163969
0.00205007
0.00270919
0.00505746
-8.61444e-05
0.00238887
-0.00674677
0.00755101
-0.000406394
-0.00269317
0.0101059
0.00793475
-0.0150167
-0.00513998
-0.011385
-0.0100842
-0.00482938
-0.00294328
-0.0161947
-0.00180928
0.01588
0.00676468
-0.00373672
0.00178267
0.0172386
-0.00610689
-0.00514656
-0.00382612
-0.010656
0.0188987
-0.0077105
-0.00516818
0.0223391
0.0108452
-0.0100449
-0.00237292
-0.0169873
-0.0125613
0.0015086
-0.0256507
0.0076297
-0.00318462
-0.023119
-0.00255566
-0.0178015
0.0220141
-0.00379551
-0.0178582
-0.0127817
-0.0249636
-0.0258866
-0.0279989
0.0103354
-0.0297061
0.00347476
0.0221677
-0.0304925
0.00550149
0.0311059
-0.000970029
-0.00772189
0.00332758
-0.0330473
-0.0173587
-0.00456198
0.00236725
-0.0307441
-0.0349018
-0.0316241
-0.0321631
-0.0349934
-0.0101598
-0.0350536
-0.0360222
-0.00558275
-0.0185595
-0.0368915
-0.029507
-0.0257552
-0.0380409
-0.0378075
-0.0288797
-0.0364715
-0.0332769
-0.0378481
-0.0370181
-0.0116388
-0.0250845
-0.02196
0.0202041
0.00306503
-0.00428791
-0.0414547
-0.0307958
0.000405309
0.00526661
-0.0213327
0.035256
-0.0422116
-0.000223648
