vector X1:
0.000203536
0.000401746
-0.000427956
0.000352432
0.000114826
-0.000536127
3.50929e-05
-0.000407693
0.000704152
0.000754571
-0.000358992
0.000275316
0.000669361
0.000899881
-0.000672432
-0.000919923
0.000987514
0.00103344
0.000763604
0.00109178
-0.00109713
0.000914615
-0.000985142
0.00115839
-0.000527819
0.000960392
-0.00102113
-0.000228921
0.00114102
0.00128338
0.000985115
0.00093427
0.00134559
0.00071948
-0.00135817
0.000862933
0.000361642
0.000780243
-0.00140408
-0.000313194
-0.0007029
-0.00147734
-0.000669628
0.000834252
-0.00106494
0.000129478
-0.00121089
0.00168369
-0.00154356
-0.000896942
-0.000740555
-0.00121258
-4.15076e-05
0.00171788
0.000524343
0.000247122
-0.00155257
-0.00141512
0.00159518
-0.00179599
-0.00179367
0.00155779
0.000167389
-0.00117364
-0.00165142
-0.000103984
-0.00136133
0.00184611
-0.000901792
-0.00160656
0.00182519
0.000672434
0.00170978
0.00180452
0.000670744
-0.000114714
0.000307768
-0.000766675
-0.00205482
-0.000942815
-0.00192079
-0.000258961
-0.00178567
-0.00205667
0.00164708
-0.00208126
0.00107136
0.00199142
0.00157175
-0.000334095
0.000151105
-0.001612
-0.000241998
1.45932e-05
0.000874974
-0.000265645
-0.00215912
-0.00214017
-0.00194044
0.00212229

vector X2:
1.83514e-05
-0.000140451
-3.61425e-05
0.00031542
0.000463619
-4.51743e-05
0.000536973
0.000576836
0.000348031
0.000234717
0.000720976
-0.000761974
-0.000546467
0.000223081
-0.000676416
0.000386634
0.00019687
4.89561e-05
0.000705266
0.000177807
0.000199638
-0.000669623
-0.000614547
0.000163969
0.00109324
0.000742584
0.000695871
-0.00124664
-0.000584509
-0.000277599
0.000949005
0.00100785
0.000377811
0.0012066
0.000403356
-0.0011651
-0.00141109
0.00125216
0.0005291
0.00147552
0.00135372
0.000472181
-0.0014406
0.00136713
-0.0012011
-0.00165896
-0.00117535
0.000170517
-0.000739152
0.00146352
0.00155438
-0.00124211
0.00174132
-0.000397088
0.00168615
0.00176575
-0.000892153
-0.00111281
0.000872341
-0.000338457
-0.000353924
0.000972016
0.0018391
-0.00145011
0.000894923
0.0018809
0.00131927
0.000440431
-0.00168847
-0.00111932
0.000735782
-0.00185745
0.00101086
0.000895435
-0.00192421
0.00206027
0.00205007
-0.00192815
0.000303164
0.00185137
-0.000799853
0.00206849
0.00107797
-0.00035439
0.00129065
0.000230639
-0.00181121
0.000724239
0.00142459
0.00211258
0.00214468
0.00143761
0.00215534
0.00216994
-0.00198675
0.00215598
0.000283922
-0.000433499
0.0010109
0.000556867
