vector X1:
-3.46953e-05
-1.30533e-05
4.76438e-05
-3.02341e-05
1.32867e-05
3.52881e-05
-3.93098e-05
-2.03749e-05
4.81375e-05
-3.02925e-05
5.82428e-05
4.2156e-05
-5.26043e-05
-7.48354e-05
3.61862e-05
-5.0938e-05
1.51118e-05
6.63843e-05
-8.39312e-05
1.70776e-06
8.64611e-05
-8.98272e-05
4.8433e-05
-9.36049e-05
-9.0525e-05
5.20067e-05
2.47598e-05
7.6059e-05
8.98744e-05
-4.93305e-07
-5.09009e-05
-0.000101474
-9.16163e-06
7.71513e-05
0.000108761
-5.83763e-05
4.68808e-05
-0.000100751
-0.000111887
-5.57337e-05
6.72267e-05
1.76741e-05
-3.7651e-05
4.08204e-06
8.30265e-05
2.95405e-05
0.000118188
0.000114317
-0.000117278
-7.91094e-05
-5.10714e-05
-0.000116231
-0.000120972
-3.2775e-05
-4.50886e-05
9.01202e-05
-1.31572e-05
0.000130178
-2.52996e-05
-0.000134726
1.30993e-05
-4.84947e-05
-0.00013132
0.00012319
0.000118565
-0.000103362
-0.000126616
8.45942e-05
-0.000120082
-0.000147286
0.00011469
-0.000150284
7.45403e-05
-0.0001515
-0.000151608
0.000100349
0.000132216
-0.0001538
-9.25948e-05
-0.000125832
-8.18074e-05
5.53966e-05
-1.96029e-05
0.000156576
-0.000159411
0.000161478
9.02541e-05
1.31481e-05
-8.65362e-05
-0.000122863
-0.000161901
0.000163488
0.000166119
-0.000144775
0.000135879
8.17743e-05
-8.77795e-05
0.000182659
0.000150594
4.13365e-05

vector X2:
1.71134e-05
-4.198e-05
7.69691e-06
4.07271e-05
5.06966e-05
-4.04955e-05
-3.86059e-05
-5.68829e-05
3.69603e-05
-5.6634e-05
-3.00844e-05
5.04242e-05
-4.09324e-05
1.00015e-05
6.75395e-05
5.74217e-05
8.05988e-05
-5.18203e-05
-1.30906e-05
-8.56628e-05
8.74312e-06
1.00681e-05
7.84304e-05
1.55608e-05
3.14813e-05
-8.07862e-05
9.34605e-05
6.20669e-05
-4.11499e-05
-0.000100206
8.81004e-05
1.8813e-05
0.000103838
-7.70185e-05
9.33459e-06
9.32738e-05
-9.98389e-05
-4.50089e-05
-2.65196e-05
-0.000104611
9.78609e-05
-0.00011792
0.00011314
-0.00011996
-8.69406e-05
0.000116562
2.53978e-05
4.10308e-05
3.94379e-05
-9.60923e-05
-0.000115231
-5.77183e-05
4.96541e-05
-0.000129099
0.000125889
0.000100318
-0.000134614
3.89997e-05
-0.000134272
2.74526e-05
-0.000137988
0.000129977
-4.86951e-05
6.81949e-05
-7.68414e-05
-9.95753e-05
6.95497e-05
0.000118638
8.43731e-05
8.50138e-06
9.51248e-05
-9.48245e-06
-0.000131585
4.62261e-06
1.64883e-05
-0.000115326
7.92263e-05
1.87719e-05
-0.000124773
-9.14224e-05
-0.000132374
0.000146398
0.000156473
-3.07632e-05
3.2488e-05
2.46822e-05
0.000136358
-0.000165171
-0.000142017
-0.00011562
-5.10324e-05
4.68414e-05
-5.26522e-05
-9.97523e-05
-0.000111903
-0.000157459
0.000161597
2.34544e-05
-0.000108681
-0.000181908
